5.3886
5.8636
13.0708
5.3897
10.7208
9.7724
5.8642
5.8869
10.7742
15.3000
5.3965
12.6584
9.5757
9.7835
10.1433
9.2395
8.3660
5.8595
11.5083
5.9872
10.6195
5.6847
6.2497
10.2528
6.0325
6.2704
13.3113
10.3690
9.4526
6.1182
12.0205
5.4696
13.1290
7.7840
6.0589
5.4955
7.7316
9.5855
5.9311
5.3070
15.4776
13.0596
9.7907
15.7549
7.0605
7.9212
11.5607
15.2345
8.9883
7.5216
5.5195
10.3918
11.7436
13.4866
8.4603
12.4996
9.4456
9.3379
11.3965
9.4572
13.7340
5.2293
9.4877
13.5648
10.9641
11.1457
10.2506
10.1291
15.3705
11.5877
5.1616
13.2628
16.5195
9.7882
5.3588
15.8557
10.0313
13.4115
15.5301
9.3435
11.3718
9.4646
10.4375
12.0423
13.5397
5.7778
9.8990
6.4130
5.8987
11.6747
7.3314
11.2437
11.6859
11.7166
5.2400
8.0456
9.8047
13.3792
10.0556
7.9643
13.5808
5.5273
7.4352
6.2403
10.2664
5.9118
15.4206
11.7225
11.9773
9.7444
5.7200
5.8770
11.3972
5.6790
11.8011
15.6891
9.8728
7.9214
11.6250
14.1719
7.4264
5.7481
6.0567
15.5317
7.9404
11.9423
9.8177
15.2473
7.4119
10.1140
13.4989
7.5529
8.0849
11.7542
15.4395
7.6810
11.2607
5.3127
9.8597
9.4817
13.2954
9.0606
6.8038
11.7545
6.0196
7.4137
5.4207
10.1500
9.6206
9.5444
5.8557
5.1792
5.4515
5.5399
6.7347
8.3952
5.8554
9.6389
9.4415
5.5720
5.3338
7.7670
5.9278
15.2824
10.1119
7.9898
5.4348
7.6765
15.9761
10.2565
7.3013
5.5948
11.4455
9.8262
10.1223
9.9484
9.4657
9.3614
5.3498
5.8889
13.5427
5.4559
15.5314
10.0795
9.2726
11.9101
6.2346
12.0201
11.4293
10.3964
13.5193
9.9793
5.9496
7.6546
6.0453
5.3602
11.9316
13.2745
1.4170
11.8650
13.5617
7.7010
9.2335
11.6937
15.2406
15.5751
9.8675
5.1475
11.4152
11.5359
9.5812
13.1463
6.4231
15.2621
6.1417
5.6963
5.7995
5.5583
6.0323
9.3118
5.3700
14.1511
5.2670
5.6960
9.3047
8.1679
5.6874
10.0888
6.1024
10.8642
6.0138
9.4845
6.2154
5.6416
13.2629
9.3809
6.9779
9.4020
9.1983
5.8973
9.7823
15.3563
11.7675
10.6291
9.4107
5.9877
8.0866
5.2267
16.2744
13.7184
10.4662
11.8104
5.2628
13.9924
15.4717
13.3100
7.8055
12.1564
9.3348
13.4714
9.6684
9.1774
13.4978
6.1587
7.8429
5.9233
11.5424
5.3971
5.2089
10.3229
13.5547
12.2609
5.2430
9.6113
6.2697
13.3565
15.5250
13.2901
9.2430
14.3664
5.9182
10.2226
16.6389
5.3415
12.5148
5.4447
6.0935
12.8138
5.5502
5.3303
10.1260
9.6956
5.9791
12.7835
15.4370
6.5099
9.9358
13.2956
12.2969
8.5435
13.5199
11.7506
10.7541
13.3048
11.9154
9.6904
15.4711
9.7317
8.4159
12.4490
9.2474
9.5900
7.5928
17.8761
9.4186
15.2453
11.4950
14.0957
13.3439
11.7849
9.4216
13.1839
7.3528
15.4794
5.6992
5.4706
15.2840
9.4171
13.2188
11.4945
13.4956
10.0825
5.4140
9.5565
15.1123
15.5107
7.7381
5.8739
13.2409
6.1704
13.4569
11.9983
13.5199
14.6060
13.2097
15.5706
14.7733
9.9673
5.5290
9.5392
5.7155
13.2261
8.8308
13.4152
13.8009
10.1300
9.2879
13.6456
5.5091
10.1821
10.1119
11.5321
9.6053
11.9162
7.6786
9.8434
15.4131
15.3811
15.4055
5.3317
13.4691
11.5813
15.4701
9.9162
5.8920
5.3504
6.2736
5.6922
13.5095
10.0063
9.7454
13.4538
5.8962
12.7524
11.8265
5.1023
5.9674
5.5856
11.8131
11.3545
10.2727
11.8891
10.0300
8.8695
13.4826
15.2726
10.2543
13.2836
15.1959
7.0549
15.4630
12.0461
13.0522
9.2627
12.0265
7.7139
7.6826
7.7329
7.8677
11.5272
13.3783
9.9539
15.2127
9.3777
7.4207
5.6703
6.2122
7.1862
12.1284
5.3765
7.0180
5.2625
7.3584
5.6948
16.7996
11.2784
15.4827
15.5584
11.2167
5.3371
9.9707
5.3015
13.5745
8.6923
13.2720
16.2345
15.5616
9.4502
5.9290
9.8789
13.4070
9.9782
5.8551
13.9330
9.4833
11.2532
5.9313
9.6690
11.9634
5.7605
9.2691
13.3031
5.3278
10.0346
12.1801
9.4662
5.0961
7.2873
5.3738
9.2545
15.3721
8.8903
11.2915
9.1093
13.3591
10.0444
7.3381
11.8456
5.8769
11.3481
10.7952
11.7186
5.2362
13.6991
10.3311
5.6866
5.8678
11.9613
9.3201
12.0103
9.8755
9.4959
7.6708
14.1325
7.9444
11.7984
11.3881
5.3932
9.9304
7.5048
11.8263
9.4314
10.7248
9.6644
13.9078
15.4511
5.9061
13.7094
9.9810
13.7925
